-1.046906 0.913439 -0.040342 
-1.090673 0.831226 -0.084917 
-1.131818 0.752826 -0.132598 
-1.170805 0.677753 -0.182405 
-1.208027 0.605591 -0.233523 
-1.243807 0.536002 -0.285301 
-1.278398 0.468717 -0.337229 
-1.311998 0.403532 -0.388921 
-1.344758 0.340289 -0.440093 
-1.376791 0.278865 -0.490539 
-1.408183 0.219170 -0.540116 
-1.438999 0.161129 -0.588729 
-1.469287 0.104684 -0.636320 
-1.499086 0.049785 -0.682855 
-1.528424 -0.003612 -0.728324 
-1.557325 -0.055546 -0.772726 
-1.585811 -0.106054 -0.816074 
-1.613896 -0.155174 -0.858385 
-1.641598 -0.202940 -0.899683 
-1.668930 -0.249389 -0.939993 